0.00000000 182.00000000
1.00000000 182.00000000
2.00000000 182.00000000
2.50000000 181.50000000
3.00000000 181.00000000
4.00000000 181.00000000
5.00000000 181.00000000
6.00000000 181.00000000
6.50000000 180.50000000
7.00000000 180.00000000
8.00000000 180.00000000
8.50000000 179.50000000
9.00000000 179.00000000
10.00000000 179.00000000
10.50000000 178.50000000
11.00000000 178.00000000
11.50000000 177.50000000
12.00000000 177.00000000
13.00000000 177.00000000
13.50000000 176.50000000
13.50000000 175.50000000
14.00000000 175.00000000
14.50000000 174.50000000
15.00000000 174.00000000
16.00000000 174.00000000
16.50000000 173.50000000
16.50000000 172.50000000
17.00000000 172.00000000
17.50000000 171.50000000
18.00000000 171.00000000
18.50000000 170.50000000
19.00000000 170.00000000
19.50000000 169.50000000
19.50000000 168.50000000
20.00000000 168.00000000
20.50000000 167.50000000
21.00000000 167.00000000
21.50000000 166.50000000
21.50000000 165.50000000
22.00000000 165.00000000
22.50000000 164.50000000
22.50000000 163.50000000
22.50000000 162.50000000
23.00000000 162.00000000
23.50000000 161.50000000
23.50000000 160.50000000
24.00000000 160.00000000
24.50000000 159.50000000
24.50000000 158.50000000
25.00000000 158.00000000
25.50000000 157.50000000
25.50000000 156.50000000
25.50000000 155.50000000
26.00000000 155.00000000
26.50000000 154.50000000
26.50000000 153.50000000
26.50000000 152.50000000
27.00000000 152.00000000
27.50000000 151.50000000
27.50000000 150.50000000
27.50000000 149.50000000
28.00000000 149.00000000
28.50000000 148.50000000
28.50000000 147.50000000
28.50000000 146.50000000
29.00000000 146.00000000
29.50000000 145.50000000
29.50000000 144.50000000
29.50000000 143.50000000
29.50000000 142.50000000
30.00000000 142.00000000
30.50000000 141.50000000
30.50000000 140.50000000
31.00000000 140.00000000
31.50000000 139.50000000
31.50000000 138.50000000
31.50000000 137.50000000
32.00000000 137.00000000
32.50000000 136.50000000
32.50000000 135.50000000
33.00000000 135.00000000
33.50000000 134.50000000
33.50000000 133.50000000
34.00000000 133.00000000
34.50000000 132.50000000
34.50000000 131.50000000
34.50000000 130.50000000
35.00000000 130.00000000
35.50000000 129.50000000
35.50000000 128.50000000
36.00000000 128.00000000
36.50000000 127.50000000
36.50000000 126.50000000
37.00000000 126.00000000
37.50000000 125.50000000
37.50000000 124.50000000
38.00000000 124.00000000
38.50000000 123.50000000
39.00000000 123.00000000
39.50000000 122.50000000
40.00000000 122.00000000
40.50000000 121.50000000
40.50000000 120.50000000
41.00000000 120.00000000
41.50000000 119.50000000
41.50000000 118.50000000
42.00000000 118.00000000
42.50000000 117.50000000
43.00000000 117.00000000
43.50000000 116.50000000
44.00000000 116.00000000
44.50000000 115.50000000
44.50000000 114.50000000
45.00000000 114.00000000
45.50000000 113.50000000
46.00000000 113.00000000
46.50000000 112.50000000
46.50000000 111.50000000
47.00000000 111.00000000
47.50000000 110.50000000
48.00000000 110.00000000
48.50000000 109.50000000
49.00000000 109.00000000
49.50000000 108.50000000
50.00000000 108.00000000
50.50000000 107.50000000
50.50000000 106.50000000
51.00000000 106.00000000
51.50000000 105.50000000
51.50000000 104.50000000
52.00000000 104.00000000
52.50000000 103.50000000
52.50000000 102.50000000
53.00000000 102.00000000
53.50000000 101.50000000
53.50000000 100.50000000
54.00000000 100.00000000
54.50000000 99.50000000
54.50000000 98.50000000
55.00000000 98.00000000
55.50000000 97.50000000
55.50000000 96.50000000
55.50000000 95.50000000
56.00000000 95.00000000
56.50000000 94.50000000
56.50000000 93.50000000
56.50000000 92.50000000
57.00000000 92.00000000
57.50000000 91.50000000
57.50000000 90.50000000
57.50000000 89.50000000
58.00000000 89.00000000
58.50000000 88.50000000
58.50000000 87.50000000
58.50000000 86.50000000
58.50000000 85.50000000
59.00000000 85.00000000
59.50000000 84.50000000
59.50000000 83.50000000
59.50000000 82.50000000
59.50000000 81.50000000
59.50000000 80.50000000
59.50000000 79.50000000
60.00000000 79.00000000
60.50000000 78.50000000
60.50000000 77.50000000
60.50000000 76.50000000
60.50000000 75.50000000
60.50000000 74.50000000
60.50000000 73.50000000
60.50000000 72.50000000
60.50000000 71.50000000
60.50000000 70.50000000
60.50000000 69.50000000
60.50000000 68.50000000
60.50000000 67.50000000
60.50000000 66.50000000
60.50000000 65.50000000
60.50000000 64.50000000
60.50000000 63.50000000
60.50000000 62.50000000
60.50000000 61.50000000
60.50000000 60.50000000
60.50000000 59.50000000
60.50000000 58.50000000
60.50000000 57.50000000
60.50000000 56.50000000
60.00000000 56.00000000
59.50000000 55.50000000
59.50000000 54.50000000
59.50000000 53.50000000
59.50000000 52.50000000
59.50000000 51.50000000
59.00000000 51.00000000
58.50000000 50.50000000
58.50000000 49.50000000
58.50000000 48.50000000
58.50000000 47.50000000
58.00000000 47.00000000
57.50000000 46.50000000
57.50000000 45.50000000
57.50000000 44.50000000
57.00000000 44.00000000
56.50000000 43.50000000
56.50000000 42.50000000
56.00000000 42.00000000
55.50000000 41.50000000
55.50000000 40.50000000
55.00000000 40.00000000
54.50000000 39.50000000
54.50000000 38.50000000
54.00000000 38.00000000
53.50000000 37.50000000
53.50000000 36.50000000
53.00000000 36.00000000
52.50000000 35.50000000
52.50000000 34.50000000
52.00000000 34.00000000
51.50000000 33.50000000
51.50000000 32.50000000
51.00000000 32.00000000
50.50000000 31.50000000
50.00000000 31.00000000
49.50000000 30.50000000
49.50000000 29.50000000
49.00000000 29.00000000
48.50000000 28.50000000
48.50000000 27.50000000
48.00000000 27.00000000
47.50000000 26.50000000
47.00000000 26.00000000
46.50000000 25.50000000
46.00000000 25.00000000
45.50000000 24.50000000
45.50000000 23.50000000
45.00000000 23.00000000
44.50000000 22.50000000
44.00000000 22.00000000
43.50000000 21.50000000
43.00000000 21.00000000
42.50000000 20.50000000
42.00000000 20.00000000
41.50000000 19.50000000
41.00000000 19.00000000
40.50000000 18.50000000
40.00000000 18.00000000
39.50000000 17.50000000
39.00000000 17.00000000
38.50000000 16.50000000
38.00000000 16.00000000
37.50000000 15.50000000
37.00000000 15.00000000
36.50000000 14.50000000
36.00000000 14.00000000
35.50000000 13.50000000
35.00000000 13.00000000
34.00000000 13.00000000
33.50000000 12.50000000
33.00000000 12.00000000
32.50000000 11.50000000
32.00000000 11.00000000
31.00000000 11.00000000
30.50000000 10.50000000
30.00000000 10.00000000
29.00000000 10.00000000
28.50000000 9.50000000
28.00000000 9.00000000
27.50000000 8.50000000
27.00000000 8.00000000
26.00000000 8.00000000
25.50000000 7.50000000
25.00000000 7.00000000
24.00000000 7.00000000
23.50000000 6.50000000
23.00000000 6.00000000
22.00000000 6.00000000
21.50000000 5.50000000
21.00000000 5.00000000
20.00000000 5.00000000
19.00000000 5.00000000
18.50000000 4.50000000
18.00000000 4.00000000
17.00000000 4.00000000
16.50000000 3.50000000
16.00000000 3.00000000
15.00000000 3.00000000
14.00000000 3.00000000
13.50000000 2.50000000
13.00000000 2.00000000
12.00000000 2.00000000
11.00000000 2.00000000
10.00000000 2.00000000
9.50000000 1.50000000
9.00000000 1.00000000
8.00000000 1.00000000
7.00000000 1.00000000
6.00000000 1.00000000
5.00000000 1.00000000
4.50000000 0.50000000
4.00000000 0.00000000
3.00000000 0.00000000
2.00000000 0.00000000
1.00000000 0.00000000
0.00000000 0.00000000
